0 49
1 46
2 47
3 48
4 43
5 44
6 45
7 18
8 19
9 20
10 21
11 17
12 16
13 15
14 14
15 11
16 10
17 9
18 8
19 13
20 12
21 7
22 50
23 22
24 23
25 24
26 25
27 26
28 27
29 28
30 29
31 30
32 31
33 32
34 33
35 34
36 35
37 36
38 37
39 38
40 39
41 40
42 41
43 42
44 51
45 98
46 96
47 97
48 92
49 93
50 94
51 95
52 71
53 72
54 69
55 70
56 64
57 63
58 62
59 61
60 60
61 59
62 67
63 68
64 66
65 65
66 99
67 73
68 74
69 75
70 76
71 77
72 78
73 79
74 80
75 81
76 82
77 83
78 84
79 85
80 86
81 87
82 88
83 89
84 90
85 91
