0 69
1 23
2 70
3 21
4 18
5 17
6 16
7 15
8 20
9 19
10 14
11 13
12 12
13 11
14 7
15 8
16 9
17 10
18 25
19 26
20 27
21 28
22 29
23 30
24 31
25 32
26 33
27 34
28 35
29 36
30 37
31 38
32 39
33 84
34 85
35 42
36 43
37 44
38 45
39 46
40 4
41 5
42 6
43 1
44 2
45 3
46 0
47 24
48 47
52 22
53 64
54 62
55 63
56 60
57 61
58 68
59 67
60 66
61 65
62 57
63 58
64 55
65 56
66 72
67 73
68 74
69 75
70 76
71 77
72 78
73 80
74 81
75 82
76 83
77 40
78 41
79 86
80 87
81 88
82 89
83 51
84 52
85 53
86 54
87 50
88 48
89 49
90 71
91 59
92 79
