0 45
1 42
2 43
3 44
4 40
5 39
6 38
7 22
8 21
9 20
10 24
11 23
12 25
13 26
14 27
15 28
16 29
17 30
18 31
19 32
20 33
21 34
22 35
23 36
24 37
25 12
26 13
27 14
28 15
29 10
30 11
31 9
32 8
33 7
34 4
35 3
36 2
37 1
38 6
39 5
40 0
41 50
42 16
43 17
44 18
45 19
46 41
47 46
48 92
49 90
50 91
51 86
52 87
53 84
54 85
55 67
56 68
57 69
58 70
59 71
60 73
61 72
62 75
63 74
64 76
65 78
66 77
67 80
68 79
69 81
70 82
71 83
72 65
73 66
74 64
75 62
76 63
77 60
78 61
79 55
80 53
81 54
82 51
83 52
84 58
85 59
86 56
87 57
88 88
89 89
