0 21
1 18
2 17
3 16
4 15
5 20
6 19
7 14
8 13
9 12
10 11
11 7
12 8
13 9
14 10
15 25
16 26
17 27
18 28
19 29
20 30
21 31
22 32
23 33
24 34
25 35
26 36
27 37
28 38
29 39
30 40
31 41
32 42
33 43
34 44
35 45
36 46
37 4
38 5
39 6
40 1
41 2
42 3
43 0
44 24
45 64
46 47
47 23
49 22
50 62
51 63
52 60
53 61
54 59
55 68
56 67
57 65
58 66
59 57
60 58
61 55
62 56
63 72
64 73
65 74
66 75
67 76
68 77
69 78
70 79
71 80
72 81
73 82
74 83
75 84
76 85
77 86
78 87
79 88
80 89
81 51
82 52
83 53
84 54
85 50
86 48
87 49
88 71
