0 46
1 43
2 44
3 45
4 40
5 41
6 42
7 16
8 17
9 18
10 19
11 15
12 14
13 13
14 12
15 9
16 8
17 7
18 6
19 11
20 10
21 5
22 3
23 4
24 2
25 1
26 65
27 20
28 21
29 22
30 23
31 24
32 25
33 26
34 27
35 28
36 29
37 30
38 31
39 32
40 33
41 34
42 82
43 81
44 35
45 36
46 37
47 38
48 39
49 66
50 93
51 94
52 95
53 89
54 90
55 91
56 92
57 67
58 68
59 63
60 64
61 58
62 56
63 57
64 54
65 55
66 53
67 61
68 62
69 59
70 60
71 52
74 0
76 69
77 70
78 71
79 72
80 73
81 74
82 75
83 76
84 77
85 78
86 79
87 80
88 84
89 83
90 85
91 86
92 87
93 88
