0 30
1 27
2 26
3 25
4 24
5 29
6 28
7 23
8 22
9 21
10 19
11 20
12 15
13 16
14 17
15 18
16 32
17 33
18 34
19 35
20 13
21 12
22 11
23 10
24 14
25 9
26 8
27 7
28 4
29 3
30 2
31 1
32 6
33 5
34 0
35 45
36 44
37 39
38 38
39 37
40 36
41 40
42 41
43 42
44 43
45 46
49 31
50 73
51 74
52 71
53 72
54 70
55 77
56 78
57 75
58 76
59 68
60 69
61 66
62 67
63 65
64 63
65 64
66 61
67 62
68 59
69 60
70 54
71 52
72 53
73 50
74 51
75 57
76 58
77 55
78 56
79 47
80 48
81 49
82 90
83 91
84 89
85 88
86 84
87 83
88 82
89 81
90 79
91 80
92 85
93 86
94 87
