0 74
1 27
2 26
3 25
4 24
5 29
6 28
7 23
8 22
9 21
10 19
11 20
12 15
13 16
14 17
15 18
16 31
17 32
18 33
19 34
20 13
21 12
22 11
23 10
24 14
25 9
26 8
27 7
28 4
29 3
30 2
31 1
32 6
33 5
34 0
35 46
36 48
37 47
38 43
39 38
40 37
41 36
42 35
43 39
44 40
45 41
46 42
47 45
51 30
52 72
53 73
54 70
55 71
56 69
57 77
58 78
59 75
60 76
61 67
62 68
63 65
64 66
65 64
66 62
67 63
68 60
69 61
70 58
71 59
72 53
73 51
74 52
75 50
76 49
77 44
78 56
79 57
80 54
81 55
91 88
92 83
93 84
94 82
95 81
96 79
97 80
98 86
99 87
100 85
