0 77
1 30
2 29
3 28
4 27
5 32
6 31
7 26
8 25
9 24
10 22
11 23
12 18
13 19
14 20
15 21
16 33
17 35
18 36
19 34
20 16
21 15
22 14
23 13
24 17
25 12
26 11
27 10
28 7
29 6
30 5
31 4
32 9
33 8
34 3
35 1
36 2
37 0
38 45
39 46
40 61
41 40
42 39
43 38
44 37
45 41
46 42
47 43
48 44
49 62
50 47
54 78
55 75
56 76
57 73
58 74
59 72
60 82
61 81
62 80
63 79
64 70
65 71
66 68
67 69
68 67
69 65
70 66
71 63
72 64
73 59
74 60
75 54
76 52
77 53
78 50
79 51
80 49
81 57
82 58
83 55
84 56
85 48
91 87
92 88
93 85
94 86
95 83
96 84
97 89
98 90
99 91
