0 81
1 32
2 31
3 30
4 29
5 34
6 33
7 28
8 27
9 26
10 24
11 25
12 20
13 21
14 22
15 23
16 35
17 38
18 37
19 36
20 18
21 17
22 16
23 15
24 19
25 14
26 13
27 12
28 9
29 8
30 7
31 6
32 11
33 10
34 5
35 3
36 4
37 2
38 1
40 65
41 42
42 41
43 40
44 39
45 43
46 44
47 45
48 46
49 66
54 82
55 80
56 79
57 78
58 77
59 76
60 85
61 86
62 83
63 84
64 74
65 75
66 72
67 73
68 71
69 69
70 70
71 67
72 68
73 63
74 64
75 58
76 56
77 57
78 54
79 55
80 53
81 61
82 62
83 59
84 60
85 52
86 0
87 50
88 51
91 91
92 92
93 89
94 90
95 87
96 88
97 93
98 94
99 95
