0 40
1 37
2 36
3 35
4 34
5 39
6 38
7 33
8 32
9 31
10 29
11 30
12 25
13 26
14 27
15 28
16 42
17 43
18 44
19 45
20 9
21 8
22 7
23 11
24 10
25 12
26 13
27 14
28 15
29 16
30 17
31 18
32 19
33 20
34 21
35 22
36 23
37 24
38 6
39 5
40 4
41 46
42 1
43 2
44 3
45 0
46 47
50 41
51 82
52 83
53 80
54 81
55 79
56 86
57 87
58 84
59 85
60 77
61 78
62 75
63 76
64 74
65 72
66 73
67 55
68 56
69 57
70 58
71 59
72 61
73 60
74 63
75 62
76 64
77 66
78 65
79 68
80 67
81 69
82 70
83 71
84 53
85 54
86 51
87 52
88 88
89 89
90 49
91 50
92 48
