0 74
1 25
2 24
3 22
4 23
5 21
6 18
7 17
8 16
9 15
10 20
11 19
12 14
13 13
14 12
15 11
16 7
17 8
18 9
19 10
20 27
21 28
22 29
23 30
24 31
25 32
26 33
27 34
28 35
29 36
30 37
31 38
32 39
33 40
34 41
35 44
36 45
37 46
38 47
39 48
40 4
41 5
42 6
43 1
44 2
45 3
46 0
52 71
53 66
54 64
55 65
56 62
57 63
58 61
59 69
60 70
61 67
62 68
63 59
64 60
65 26
66 49
67 57
68 58
69 76
70 77
71 78
72 79
73 80
74 81
75 82
76 83
77 84
78 85
79 86
80 87
81 43
82 42
83 89
84 88
85 90
86 91
87 92
88 93
89 53
90 54
91 55
92 56
93 50
94 51
95 52
