0 86
1 38
2 37
3 35
4 36
5 34
6 31
7 30
8 29
9 28
10 33
11 32
12 27
13 26
14 25
15 23
16 22
17 21
18 20
19 24
20 12
21 13
22 14
23 15
24 10
25 11
26 9
27 8
28 7
29 4
30 3
31 2
32 1
33 6
34 5
35 16
36 19
37 18
38 17
39 44
40 43
41 42
42 41
43 45
44 46
45 47
46 48
50 87
51 88
52 85
53 80
54 78
55 79
56 76
57 77
58 75
59 83
60 84
61 81
62 82
63 73
64 74
65 40
66 49
67 71
68 72
69 69
70 70
71 68
72 66
73 67
74 64
75 65
76 59
77 58
78 57
79 56
80 55
81 0
82 54
83 62
84 63
85 60
86 61
87 95
88 96
89 93
90 94
91 91
92 92
93 97
94 98
95 99
