0 34
1 31
2 30
3 29
4 28
5 33
6 32
7 27
8 26
9 25
10 23
11 22
12 21
13 20
14 24
15 12
16 13
17 14
18 15
19 10
20 11
21 9
22 8
23 7
24 4
25 3
26 2
27 1
28 6
29 5
30 51
31 16
32 17
33 18
34 19
35 42
36 41
37 40
38 39
39 43
40 44
41 45
42 46
43 38
44 77
45 47
46 35
47 37
48 36
49 76
50 75
51 73
52 74
53 72
54 80
55 81
56 78
57 79
58 70
59 71
60 68
61 69
62 66
63 67
64 65
65 63
66 64
67 61
68 62
69 56
70 54
71 55
72 52
73 53
74 0
75 59
76 60
77 57
78 58
79 96
80 97
81 95
82 94
83 92
84 93
85 100
86 98
87 99
88 91
