0 24
1 22
2 23
3 21
4 18
5 17
6 16
7 15
8 20
9 19
10 14
11 13
12 12
13 11
14 7
15 8
16 9
17 10
18 27
19 28
20 29
21 30
22 31
23 32
24 33
25 34
26 35
27 36
28 37
29 38
30 39
31 40
32 41
33 88
34 89
35 44
36 45
37 46
38 47
39 48
40 4
41 5
42 6
43 1
44 2
45 3
46 0
47 26
48 49
49 25
50 73
51 72
52 71
53 66
54 64
55 65
56 62
57 63
58 69
59 70
60 67
61 68
62 59
63 60
64 57
65 58
66 76
67 77
68 78
69 79
70 80
71 81
72 82
73 84
74 85
75 87
76 86
77 43
78 42
79 91
80 90
81 92
82 93
83 53
84 54
85 55
86 56
87 50
88 51
89 52
90 75
91 61
92 83
