0 34
1 31
2 30
3 29
4 28
5 33
6 32
7 27
8 26
9 25
10 23
11 22
12 21
13 20
14 24
15 12
16 13
17 14
18 15
19 10
20 11
21 9
22 8
23 7
24 4
25 3
26 2
27 1
28 6
29 5
30 0
31 49
32 16
33 17
34 18
35 19
36 40
37 39
38 38
39 37
40 41
41 42
42 43
43 44
44 36
45 35
46 45
47 80
48 81
49 79
50 73
51 74
52 71
53 72
54 70
55 77
56 78
57 75
58 76
59 68
60 69
61 66
62 67
63 64
64 65
65 63
66 61
67 62
68 59
69 60
70 54
71 52
72 53
73 50
74 51
75 57
76 58
77 55
78 56
79 88
80 89
81 87
82 86
83 85
84 84
85 90
86 91
87 92
88 83
89 82
