0 46
1 43
2 44
3 45
4 40
5 41
6 42
7 14
8 15
9 16
10 17
11 13
12 12
13 11
14 10
15 7
16 6
17 5
18 4
19 9
20 8
21 3
22 52
23 1
24 47
25 18
26 19
27 20
28 21
29 22
30 23
31 24
32 25
33 26
34 27
35 28
36 29
37 30
38 31
39 32
40 77
41 78
42 35
43 36
44 37
45 38
46 39
47 48
48 88
49 89
50 87
51 83
52 84
53 85
54 86
55 64
56 65
57 62
58 63
59 91
60 56
61 57
62 54
63 55
64 53
65 61
66 60
67 59
68 58
69 0
70 2
71 90
72 66
73 67
74 68
75 69
76 70
77 71
78 72
79 92
80 73
81 74
82 75
83 76
84 33
85 34
86 79
87 80
88 81
89 82
