0 46
1 43
2 44
3 45
4 40
5 41
6 42
7 14
8 15
9 16
10 17
11 13
12 12
13 11
14 10
15 7
16 6
17 5
18 4
19 9
20 8
21 3
22 1
23 2
24 0
25 49
26 47
27 18
28 19
29 20
30 21
31 22
32 23
33 24
34 25
35 26
36 27
37 28
38 29
39 30
40 31
41 32
42 78
43 77
44 35
45 36
46 37
47 38
48 39
49 48
50 87
51 88
52 89
53 83
54 84
55 85
56 86
57 64
58 65
59 62
60 63
61 91
62 56
63 57
64 54
65 55
66 53
67 60
68 61
69 58
70 59
71 52
72 51
73 50
75 90
76 66
77 67
78 68
79 69
80 70
81 71
82 72
83 92
84 73
85 74
86 76
87 75
88 33
89 34
90 80
91 79
92 81
93 82
