0 34
1 30
2 29
3 28
4 27
5 32
6 31
7 26
8 25
9 24
10 22
11 23
12 18
13 19
14 20
15 21
16 35
17 36
18 37
19 38
20 16
21 15
22 14
23 13
24 17
25 12
26 11
27 10
28 7
29 6
30 5
31 4
32 9
33 8
34 1
35 0
36 2
37 3
38 47
39 42
40 41
41 40
42 39
43 43
44 44
45 45
46 46
47 48
51 33
52 82
53 83
54 80
55 81
56 79
57 86
58 87
59 85
60 84
61 77
62 78
63 75
64 76
65 74
66 72
67 73
68 70
69 71
70 68
71 69
72 63
73 61
74 62
75 59
76 60
77 58
78 66
79 67
80 64
81 65
82 49
83 51
84 50
85 52
86 53
87 54
88 55
89 56
90 57
91 97
92 92
93 93
94 90
95 91
96 88
97 89
98 94
99 95
100 96
