0 42
1 39
2 38
3 37
4 36
5 41
6 40
7 35
8 34
9 33
10 31
11 32
12 27
13 28
14 29
15 30
16 46
17 47
18 48
19 49
20 9
21 8
22 7
23 11
24 10
25 12
26 13
27 14
28 15
29 16
30 17
31 18
32 19
33 20
34 60
35 6
36 5
37 4
38 50
39 1
40 2
41 3
42 0
43 92
44 61
45 43
46 44
47 45
48 90
49 91
50 88
51 89
52 87
53 95
54 96
55 93
56 94
57 85
58 86
59 83
60 84
61 82
62 80
63 81
64 58
65 59
66 62
67 63
68 64
69 65
70 66
71 67
72 68
73 21
74 69
75 70
76 71
77 72
78 73
80 56
81 57
82 54
83 55
84 97
85 98
86 51
87 52
88 53
