0 42
1 39
2 40
3 41
4 37
5 36
6 35
7 22
8 21
9 20
10 24
11 23
12 25
13 26
14 27
15 28
16 29
17 30
18 31
19 32
20 33
21 73
27 12
28 13
29 14
30 15
31 10
32 11
33 9
34 8
35 7
36 4
37 3
38 2
39 1
40 6
41 5
42 0
43 45
44 46
45 47
46 16
47 17
48 18
49 19
50 38
51 86
52 87
53 88
54 82
55 83
56 80
57 81
58 64
59 65
60 34
61 44
62 66
63 67
64 68
65 69
66 70
67 71
68 72
69 74
70 75
71 76
72 77
73 78
80 62
81 63
82 61
83 59
84 60
85 57
86 58
87 52
88 50
89 51
90 48
91 49
92 43
93 55
94 56
95 53
96 54
97 84
98 85
