0 89
1 40
2 39
3 38
4 37
5 36
6 41
7 35
8 34
9 33
10 31
11 32
12 27
13 28
14 29
15 30
16 42
17 44
18 43
19 45
20 9
21 8
22 7
23 11
24 10
25 12
26 13
27 14
28 15
29 16
30 17
31 18
32 19
33 20
34 21
35 22
36 23
37 24
38 25
39 26
40 6
41 5
42 4
43 46
44 1
45 2
46 3
47 0
48 90
52 88
53 95
54 86
55 87
56 84
57 85
58 83
59 91
60 92
61 82
62 81
63 80
64 79
65 78
66 76
67 77
68 54
69 55
70 56
71 57
72 58
73 59
74 60
75 61
76 62
77 63
78 64
79 65
80 66
81 67
82 68
83 69
84 70
85 71
86 72
87 73
88 74
89 75
90 52
91 53
92 50
93 51
94 93
95 94
96 49
97 47
98 48
