# CatS_9~I002
1 90
2 41
3 40
4 39
5 38
6 37
7 42
8 36
9 35
10 34
11 32
12 33
13 28
14 29
15 30
16 31
17 43
18 45
19 44
20 46
21 10
22 9
23 8
24 12
25 11
26 13
27 14
28 15
29 16
30 17
31 18
32 19
33 20
34 21
35 22
36 23
37 24
38 25
39 26
40 27
41 7
42 6
43 5
44 47
45 2
46 3
47 4
48 1
49 91
53 89
54 96
55 87
56 88
57 85
58 86
59 84
60 92
61 93
62 83
63 82
64 81
65 80
66 79
67 77
68 78
69 55
70 56
71 57
72 58
73 59
74 60
75 61
76 62
77 63
78 64
79 65
80 66
81 67
82 68
83 69
84 70
85 71
86 72
87 73
88 74
89 75
90 76
91 53
92 54
93 51
94 52
95 94
96 95
97 50
98 48
99 49
