0 47
1 44
2 45
3 46
4 42
5 41
6 40
7 22
8 21
9 20
10 24
11 23
12 25
13 26
14 27
15 28
16 29
17 30
18 31
19 32
20 33
21 34
22 35
23 36
24 37
25 38
26 39
27 12
28 13
29 14
30 15
31 10
32 11
33 9
34 8
35 7
36 5
37 4
38 3
39 2
40 1
41 6
42 16
43 18
44 17
45 19
46 43
47 97
48 98
49 96
50 92
51 93
52 90
53 91
54 68
55 69
56 70
57 71
58 72
59 73
60 74
61 75
62 76
63 77
64 78
65 79
66 80
67 81
68 82
69 83
70 84
71 85
72 86
73 87
74 88
75 89
76 66
77 67
78 65
79 64
80 63
81 62
82 61
83 58
84 56
85 57
86 54
87 55
88 52
89 0
90 48
91 59
92 60
93 94
94 95
95 53
