# I002~CatS_9
1 48
2 45
3 46
4 47
5 43
6 42
7 41
8 23
9 22
10 21
11 25
12 24
13 26
14 27
15 28
16 29
17 30
18 31
19 32
20 33
21 34
22 35
23 36
24 37
25 38
26 39
27 40
28 13
29 14
30 15
31 16
32 11
33 12
34 10
35 9
36 8
37 6
38 5
39 4
40 3
41 2
42 7
43 17
44 19
45 18
46 20
47 44
48 98
49 99
50 97
51 93
52 94
53 91
54 92
55 69
56 70
57 71
58 72
59 73
60 74
61 75
62 76
63 77
64 78
65 79
66 80
67 81
68 82
69 83
70 84
71 85
72 86
73 87
74 88
75 89
76 90
77 67
78 68
79 66
80 65
81 64
82 63
83 62
84 59
85 57
86 58
87 55
88 56
89 53
90 1
91 49
92 60
93 61
94 95
95 96
96 54
