8 22
9 19
10 18
11 17
12 16
13 21
14 20
15 15
16 14
17 13
18 12
19 8
20 9
21 10
22 11
23 24
24 25
25 26
26 27
27 28
28 29
29 30
30 31
31 32
32 33
33 34
34 35
35 36
36 37
37 38
38 39
39 40
40 41
41 42
42 43
43 44
44 5
45 6
46 7
47 2
48 3
49 4
50 1
51 23
52 45
60 62
61 61
62 60
63 59
64 58
65 57
66 66
67 65
68 63
69 64
70 55
71 56
72 53
73 54
74 68
75 69
76 70
77 71
78 72
79 73
80 74
81 75
82 76
83 77
84 78
85 79
86 80
87 81
88 82
89 83
90 84
91 85
92 86
93 49
94 50
95 51
96 52
97 47
98 48
99 46
100 67
