1 50
2 47
3 48
4 49
5 44
6 45
7 46
8 19
9 20
10 21
11 22
12 18
13 17
14 16
15 15
16 12
17 11
18 10
19 9
20 14
21 13
22 8
23 51
24 23
25 24
26 25
27 26
28 27
29 28
30 29
31 30
32 31
33 32
34 33
35 34
36 35
37 36
38 37
39 38
40 39
41 40
42 41
43 42
44 43
45 52
46 99
47 97
48 98
49 93
50 94
51 95
52 96
53 72
54 73
55 70
56 71
57 65
58 64
59 63
60 62
61 61
62 60
63 68
64 69
65 67
66 66
67 100
68 74
69 75
70 76
71 77
72 78
73 79
74 80
75 81
76 82
77 83
78 84
79 85
80 86
81 87
82 88
83 89
84 90
85 91
86 92
