1 70
2 24
3 71
4 22
5 19
6 18
7 17
8 16
9 21
10 20
11 15
12 14
13 13
14 12
15 8
16 9
17 10
18 11
19 26
20 27
21 28
22 29
23 30
24 31
25 32
26 33
27 34
28 35
29 36
30 37
31 38
32 39
33 40
34 85
35 86
36 43
37 44
38 45
39 46
40 47
41 5
42 6
43 7
44 2
45 3
46 4
47 1
48 25
49 48
53 23
54 65
55 63
56 64
57 61
58 62
59 69
60 68
61 67
62 66
63 58
64 59
65 56
66 57
67 73
68 74
69 75
70 76
71 77
72 78
73 79
74 81
75 82
76 83
77 84
78 41
79 42
80 87
81 88
82 89
83 90
84 52
85 53
86 54
87 55
88 51
89 49
90 50
91 72
92 60
93 80
