0 43
1 40
2 41
3 42
4 37
5 38
6 39
7 11
8 12
9 13
10 14
11 10
12 9
13 8
14 7
15 4
16 3
17 2
18 1
19 6
20 5
21 0
22 49
23 47
24 44
25 15
26 16
27 17
28 18
29 19
30 20
31 21
32 22
33 23
34 24
35 25
36 26
37 27
38 28
39 29
40 30
41 31
42 32
43 33
44 34
45 35
46 36
47 46
48 86
49 87
50 85
51 81
52 82
53 83
54 84
55 61
56 62
57 59
58 60
59 54
60 52
61 53
62 50
63 51
64 45
65 57
66 58
67 56
68 55
71 88
72 63
73 64
74 65
75 66
76 67
77 68
78 69
79 70
80 71
81 72
82 73
83 74
84 75
85 76
86 77
87 78
88 79
89 80
