1 47
2 44
3 45
4 46
5 41
6 42
7 43
8 15
9 16
10 17
11 18
12 14
13 13
14 12
15 11
16 8
17 7
18 6
19 5
20 10
21 9
22 4
23 2
24 3
25 1
26 50
27 48
28 19
29 20
30 21
31 22
32 23
33 24
34 25
35 26
36 27
37 28
38 29
39 30
40 31
41 32
42 33
43 79
44 78
45 36
46 37
47 38
48 39
49 40
50 49
51 88
52 89
53 90
54 84
55 85
56 86
57 87
58 65
59 66
60 63
61 64
62 92
63 57
64 58
65 55
66 56
67 54
68 61
69 62
70 59
71 60
72 53
73 52
74 51
76 91
77 67
78 68
79 69
80 70
81 71
82 72
83 73
84 93
85 74
86 75
87 77
88 76
89 34
90 35
91 81
92 80
93 82
94 83
