0 35
1 34
2 36
3 37
4 31
5 30
6 29
7 28
8 33
9 32
10 27
11 26
12 25
13 23
14 22
15 21
16 20
17 24
18 12
19 13
20 14
21 15
22 10
23 11
24 9
25 8
26 7
27 4
28 3
29 2
30 1
31 6
32 5
33 51
34 0
35 16
36 17
37 18
38 19
39 42
40 41
41 40
42 39
43 43
44 44
45 45
46 46
47 38
48 47
49 82
50 84
51 83
52 85
53 86
54 87
55 88
56 89
57 90
58 77
59 75
60 76
61 73
62 74
63 72
64 80
65 81
66 78
67 79
68 70
69 71
70 68
71 69
72 66
73 67
74 65
75 63
76 64
77 61
78 62
79 56
80 54
81 55
82 52
83 53
84 60
85 59
86 57
87 58
88 96
89 97
90 94
91 95
92 92
93 93
94 98
95 99
96 100
97 91
