1 75
2 28
3 27
4 26
5 25
6 30
7 29
8 24
9 23
10 22
11 20
12 21
13 16
14 17
15 18
16 19
17 32
18 33
19 34
20 35
21 14
22 13
23 12
24 11
25 15
26 10
27 9
28 8
29 5
30 4
31 3
32 2
33 7
34 6
35 1
36 47
37 49
38 48
39 44
40 39
41 38
42 37
43 36
44 40
45 41
46 42
47 43
48 46
52 31
53 73
54 74
55 71
56 72
57 70
58 78
59 79
60 76
61 77
62 68
63 69
64 66
65 67
66 65
67 63
68 64
69 61
70 62
71 59
72 60
73 54
74 52
75 53
76 51
77 50
78 45
79 57
80 58
81 55
82 56
92 89
93 84
94 85
95 83
96 82
97 80
98 81
99 87
100 88
101 86
