1 41
2 38
3 37
4 36
5 35
6 40
7 39
8 34
9 33
10 32
11 30
12 31
13 26
14 27
15 28
16 29
17 43
18 44
19 45
20 46
21 10
22 9
23 8
24 12
25 11
26 13
27 14
28 15
29 16
30 17
31 18
32 19
33 20
34 21
35 22
36 23
37 24
38 25
39 7
40 6
41 5
42 47
43 2
44 3
45 4
46 1
47 48
51 42
52 83
53 84
54 81
55 82
56 80
57 87
58 88
59 85
60 86
61 78
62 79
63 76
64 77
65 75
66 73
67 74
68 56
69 57
70 58
71 59
72 60
73 62
74 61
75 64
76 63
77 65
78 67
79 66
80 69
81 68
82 70
83 71
84 72
85 54
86 55
87 52
88 53
89 89
90 90
91 50
92 51
93 49
