0 37
1 35
2 36
3 34
4 31
5 30
6 29
7 28
8 33
9 32
10 27
11 26
12 25
13 23
14 22
15 21
16 20
17 24
18 12
19 13
20 14
21 15
22 10
23 11
24 9
25 8
26 7
27 4
28 3
29 2
30 1
31 6
32 5
33 16
34 19
35 17
36 18
37 44
38 43
39 42
40 41
41 45
42 46
43 47
44 48
45 39
46 38
47 50
48 85
49 80
50 78
51 79
52 76
53 77
54 75
55 83
56 84
57 81
58 82
59 73
60 74
61 40
62 49
63 71
64 72
65 69
66 70
67 68
68 66
69 67
70 64
71 65
72 59
73 57
74 58
75 55
76 56
77 0
78 54
79 63
80 62
81 60
82 61
83 95
84 96
85 93
86 94
87 91
88 92
89 97
90 98
91 99
