# CatS_I001~CatS_141
1 28
2 26
3 27
4 24
5 23
6 22
7 9
8 8
9 7
10 11
11 10
12 12
13 13
14 14
15 15
16 16
17 17
18 18
19 19
20 20
21 21
22 6
23 1
24 2
25 3
26 4
27 5
28 32
29 33
30 34
31 35
32 36
33 37
34 38
35 39
36 40
37 41
38 42
39 43
40 44
41 45
42 25
43 72
44 46
45 68
46 69
47 66
48 67
49 50
50 51
51 52
52 53
53 54
54 56
55 55
56 57
57 58
58 60
59 59
60 62
61 61
62 63
63 64
64 65
65 47
66 48
67 49
68 79
69 80
70 81
71 82
72 83
73 84
74 85
75 86
76 87
77 88
78 89
79 90
80 91
81 92
82 70
83 71
