# CatS_I001~CatS_4
1 1
2 2
3 3
4 5
5 6
6 7
7 8
8 9
9 10
10 11
11 12
12 13
13 14
14 15
15 16
16 17
17 18
18 19
19 20
20 21
21 61
22 28
23 29
24 30
25 31
26 32
27 33
28 34
29 35
30 36
31 37
32 38
33 39
34 40
35 41
36 42
37 43
38 47
39 48
40 49
41 50
42 51
43 52
44 62
45 55
46 56
47 57
48 58
49 60
50 59
51 63
52 64
53 65
54 67
55 66
56 69
57 68
58 22
59 70
60 71
61 72
62 73
63 74
65 81
66 82
67 83
68 84
69 85
70 86
71 87
72 88
73 89
74 90
75 91
76 92
77 93
78 94
79 95
80 96
81 97
82 98
83 99
84 53
85 54
