# CatS_29~CatS_191
1 87
2 39
3 38
4 36
5 37
6 35
7 32
8 31
9 30
10 29
11 34
12 33
13 28
14 27
15 26
16 24
17 23
18 22
19 21
20 25
21 13
22 14
23 15
24 16
25 11
26 12
27 10
28 9
29 8
30 5
31 4
32 3
33 2
34 7
35 6
36 17
37 20
38 19
39 18
40 45
41 44
42 43
43 42
44 46
45 47
46 48
47 49
51 88
52 89
53 86
54 81
55 79
56 80
57 77
58 78
59 76
60 84
61 85
62 82
63 83
64 74
65 75
66 41
67 50
68 72
69 73
70 70
71 71
72 69
73 67
74 68
75 65
76 66
77 60
78 59
79 58
80 57
81 56
82 1
83 55
84 63
85 64
86 61
87 62
88 96
89 97
90 94
91 95
92 92
93 93
94 98
95 99
96 100
