# CatS_252~CatS_4
1 43
2 40
3 39
4 38
5 37
6 42
7 41
8 36
9 35
10 34
11 32
12 33
13 28
14 29
15 30
16 31
17 47
18 48
19 49
20 50
21 10
22 9
23 8
24 12
25 11
26 13
27 14
28 15
29 16
30 17
31 18
32 19
33 20
34 21
35 61
36 7
37 6
38 5
39 51
40 2
41 3
42 4
43 1
44 93
45 62
46 44
47 45
48 46
49 91
50 92
51 89
52 90
53 88
54 96
55 97
56 94
57 95
58 86
59 87
60 84
61 85
62 83
63 81
64 82
65 59
66 60
67 63
68 64
69 65
70 66
71 67
72 68
73 69
74 22
75 70
76 71
77 72
78 73
79 74
81 57
82 58
83 55
84 56
85 98
86 99
87 52
88 53
89 54
