# CatS_165~CatS_142
1 47
2 1
3 46
4 2
5 48
8 3
9 4
10 5
11 6
12 7
13 8
14 9
15 10
16 11
17 12
18 13
19 14
20 15
21 16
22 17
23 18
24 19
25 20
26 21
27 22
28 23
29 24
30 25
31 26
32 27
33 28
34 29
35 30
36 31
37 32
38 33
39 34
40 35
41 36
42 37
43 38
44 39
45 40
46 41
47 42
48 43
49 44
53 45
64 50
65 49
66 51
67 52
68 53
69 54
70 55
71 56
72 57
73 59
74 58
75 61
76 60
77 63
78 62
79 65
80 64
81 67
82 66
83 68
84 69
85 70
86 71
87 72
88 73
89 74
90 75
91 76
92 77
93 78
94 79
95 80
96 81
97 82
98 83
99 84
100 85
101 86
102 87
