# CatS_191~CatS_30
1 78
2 31
3 30
4 29
5 28
6 33
7 32
8 27
9 26
10 25
11 23
12 24
13 19
14 20
15 21
16 22
17 34
18 36
19 37
20 35
21 17
22 16
23 15
24 14
25 18
26 13
27 12
28 11
29 8
30 7
31 6
32 5
33 10
34 9
35 4
36 2
37 3
38 1
39 46
40 47
41 62
42 41
43 40
44 39
45 38
46 42
47 43
48 44
49 45
50 63
51 48
55 79
56 76
57 77
58 74
59 75
60 73
61 83
62 82
63 81
64 80
65 71
66 72
67 69
68 70
69 68
70 66
71 67
72 64
73 65
74 60
75 61
76 55
77 53
78 54
79 51
80 52
81 50
82 58
83 59
84 56
85 57
86 49
92 88
93 89
94 86
95 87
96 84
97 85
98 90
99 91
100 92
