# CatS_174~CatS_195
1 46
2 43
3 44
4 45
5 41
6 40
7 39
8 23
9 22
10 21
11 25
12 24
13 26
14 27
15 28
16 29
17 30
18 31
19 32
20 33
21 34
22 35
23 36
24 37
25 38
26 13
27 14
28 15
29 16
30 11
31 12
32 10
33 9
34 8
35 5
36 4
37 3
38 2
39 7
40 6
41 1
42 51
43 17
44 18
45 19
46 20
47 42
48 47
49 93
50 91
51 92
52 87
53 88
54 85
55 86
56 68
57 69
58 70
59 71
60 72
61 74
62 73
63 76
64 75
65 77
66 79
67 78
68 81
69 80
70 82
71 83
72 84
73 66
74 67
75 65
76 63
77 64
78 61
79 62
80 56
81 54
82 55
83 52
84 53
85 59
86 60
87 57
88 58
89 89
90 90
