# CatS_174~CatS_177
1 44
2 41
3 42
4 43
5 38
6 39
7 40
8 12
9 13
10 14
11 15
12 11
13 10
14 9
15 8
16 5
17 4
18 3
19 2
20 7
21 6
22 1
23 50
24 48
25 45
26 16
27 17
28 18
29 19
30 20
31 21
32 22
33 23
34 24
35 25
36 26
37 27
38 28
39 29
40 30
41 31
42 32
43 33
44 34
45 35
46 36
47 37
48 47
49 87
50 88
51 86
52 82
53 83
54 84
55 85
56 62
57 63
58 60
59 61
60 55
61 53
62 54
63 51
64 52
65 46
66 58
67 59
68 57
69 56
72 89
73 64
74 65
75 66
76 67
77 68
78 69
79 70
80 71
81 72
82 73
83 74
84 75
85 76
86 77
87 78
88 79
89 80
90 81
