# CatS_252~CatS_255
1 2
2 4
3 5
4 6
5 7
6 8
7 9
8 10
9 11
10 12
11 13
12 14
13 15
14 16
15 17
16 18
17 19
18 22
19 21
20 20
21 23
22 24
23 25
24 26
25 27
26 28
27 29
28 30
29 31
30 32
31 33
32 34
33 35
34 36
35 37
36 38
37 39
38 40
39 41
40 42
41 43
42 44
43 45
44 54
45 47
46 3
47 1
48 46
49 55
50 56
51 57
52 58
53 59
54 60
55 61
56 62
57 63
58 64
59 65
60 66
61 67
62 68
63 69
64 70
65 71
66 72
67 73
68 74
69 75
70 76
71 77
72 78
73 79
74 80
75 81
76 82
77 83
78 84
79 85
80 86
81 87
82 88
83 89
84 90
85 92
86 91
87 93
88 95
89 94
