# CatS_29~CatS_178
1 75
2 26
3 25
4 23
5 24
6 22
7 19
8 18
9 17
10 16
11 21
12 20
13 15
14 14
15 13
16 12
17 8
18 9
19 10
20 11
21 28
22 29
23 30
24 31
25 32
26 33
27 34
28 35
29 36
30 37
31 38
32 39
33 40
34 41
35 42
36 45
37 46
38 47
39 48
40 49
41 5
42 6
43 7
44 2
45 3
46 4
47 1
53 72
54 67
55 65
56 66
57 63
58 64
59 62
60 70
61 71
62 68
63 69
64 60
65 61
66 27
67 50
68 58
69 59
70 77
71 78
72 79
73 80
74 81
75 82
76 83
77 84
78 85
79 86
80 87
81 88
82 44
83 43
84 90
85 89
86 91
87 92
88 93
89 94
90 54
91 55
92 56
93 57
94 51
95 52
96 53
