# CatS_172~CatS_186
1 35
2 32
3 31
4 30
5 29
6 34
7 33
8 28
9 27
10 26
11 24
12 23
13 22
14 21
15 25
16 13
17 14
18 15
19 16
20 11
21 12
22 10
23 9
24 8
25 5
26 4
27 3
28 2
29 7
30 6
31 1
32 50
33 17
34 18
35 19
36 20
37 41
38 40
39 39
40 38
41 42
42 43
43 44
44 45
45 37
46 36
47 46
48 81
49 82
50 80
51 74
52 75
53 72
54 73
55 71
56 78
57 79
58 76
59 77
60 69
61 70
62 67
63 68
64 65
65 66
66 64
67 62
68 63
69 60
70 61
71 55
72 53
73 54
74 51
75 52
76 58
77 59
78 56
79 57
80 89
81 90
82 88
83 87
84 86
85 85
86 91
87 92
88 93
89 84
90 83
