# CatS_184~CatS_84
1 39
2 36
3 35
4 34
5 33
6 38
7 37
8 32
9 31
10 30
11 28
12 29
13 24
14 25
15 26
16 27
17 40
18 41
19 42
20 43
21 10
22 9
23 8
24 12
25 11
26 13
27 14
28 15
29 16
30 21
31 20
32 19
33 18
34 17
35 63
36 64
37 23
38 7
39 6
40 5
41 44
42 2
43 3
44 4
45 1
46 45
50 81
51 79
52 80
53 77
54 78
55 76
56 84
57 85
58 82
59 83
60 74
61 75
62 72
63 73
64 71
65 69
66 70
67 54
68 55
69 56
70 57
71 58
72 66
73 65
74 46
75 22
76 61
77 62
78 59
79 60
86 68
87 52
88 53
89 51
90 50
91 86
92 87
93 49
94 47
95 48
