# CatS_142~CatS_130
1 2
2 5
3 6
4 7
5 8
6 9
7 10
8 11
9 12
10 13
11 14
12 15
13 16
14 17
15 18
16 19
17 20
18 21
19 22
20 23
21 24
22 25
23 26
24 27
25 28
26 29
27 30
28 31
29 32
30 33
31 34
32 35
33 36
34 37
35 38
36 39
37 40
38 41
39 42
40 43
41 44
42 45
43 46
44 47
45 4
46 3
47 1
48 57
49 58
50 59
51 60
52 61
53 62
54 63
55 64
56 65
57 66
58 68
59 67
60 70
61 69
62 72
63 71
64 74
65 73
66 75
67 76
68 77
69 78
70 79
71 80
72 81
73 82
74 83
75 84
76 85
77 86
78 87
79 88
80 89
81 90
82 91
83 92
84 93
85 94
86 95
87 96
