# CatS_142~CatS_165
1 2
2 4
3 8
4 9
5 10
6 11
7 12
8 13
9 14
10 15
11 16
12 17
13 18
14 19
15 20
16 21
17 22
18 23
19 24
20 25
21 26
22 27
23 28
24 29
25 30
26 31
27 32
28 33
29 34
30 35
31 36
32 37
33 38
34 39
35 40
36 41
37 42
38 43
39 44
40 45
41 46
42 47
43 48
44 49
45 53
46 3
47 1
48 5
49 65
50 64
51 66
52 67
53 68
54 69
55 70
56 71
57 72
58 74
59 73
60 76
61 75
62 78
63 77
64 80
65 79
66 82
67 81
68 83
69 84
70 85
71 86
72 87
73 88
74 89
75 90
76 91
77 92
78 93
79 94
80 95
81 96
82 97
83 98
84 99
85 100
86 101
87 102
