# CatS_I001~CatS_131
1 28
2 26
3 27
4 24
5 23
6 22
7 9
8 8
9 7
10 11
11 10
12 12
13 13
14 14
15 15
16 16
17 17
18 18
19 19
20 20
21 21
22 6
23 1
24 2
25 3
26 4
27 5
28 35
29 36
30 37
31 38
32 39
33 40
34 41
35 42
36 43
37 44
38 45
39 46
40 47
41 48
42 25
44 49
45 72
46 71
47 69
48 70
49 54
50 53
51 55
52 56
53 57
54 58
55 59
56 60
57 61
58 63
59 62
60 64
61 65
62 66
63 67
64 68
65 50
66 51
67 52
68 87
69 88
70 89
71 90
72 91
73 92
74 93
75 94
76 95
77 96
78 97
79 98
80 99
81 100
82 73
83 74
84 29
85 75
