# CatS_155~CatS_178
1 25
2 23
3 24
4 22
5 19
6 18
7 17
8 16
9 21
10 20
11 15
12 14
13 13
14 12
15 8
16 9
17 10
18 11
19 28
20 29
21 30
22 31
23 32
24 33
25 34
26 35
27 36
28 37
29 38
30 39
31 40
32 41
33 42
34 89
35 90
36 45
37 46
38 47
39 48
40 49
41 5
42 6
43 7
44 2
45 3
46 4
47 1
48 27
49 50
50 26
51 74
52 73
53 72
54 67
55 65
56 66
57 63
58 64
59 70
60 71
61 68
62 69
63 60
64 61
65 58
66 59
67 77
68 78
69 79
70 80
71 81
72 82
73 83
74 85
75 86
76 88
77 87
78 44
79 43
80 92
81 91
82 93
83 94
84 54
85 55
86 56
87 57
88 51
89 52
90 53
91 76
92 62
93 84
