# CatS_155~CatS_30
1 1
2 2
3 3
4 4
5 5
6 6
7 7
8 8
9 9
10 10
11 11
12 12
13 13
14 14
15 15
16 16
17 17
18 18
19 19
20 20
21 21
22 22
23 23
24 24
25 25
26 26
27 27
28 28
29 29
30 30
31 31
32 32
33 33
34 81
35 80
36 34
37 36
38 37
39 35
40 38
41 39
42 40
43 41
44 42
45 43
46 44
47 45
48 62
49 63
50 46
51 48
52 47
53 49
54 50
55 51
56 52
57 53
58 54
59 56
60 57
61 58
62 59
63 60
64 61
65 64
66 65
67 66
68 67
69 68
70 69
71 70
72 71
73 72
74 74
75 75
76 76
77 77
78 78
79 79
80 82
81 83
82 84
83 85
84 86
85 87
86 88
87 89
88 90
89 91
90 92
92 55
93 73
