# CatS_30~CatS_191
1 38
2 36
3 37
4 35
5 32
6 31
7 30
8 29
9 34
10 33
11 28
12 27
13 26
14 24
15 23
16 22
17 21
18 25
19 13
20 14
21 15
22 16
23 11
24 12
25 10
26 9
27 8
28 5
29 4
30 3
31 2
32 7
33 6
34 17
35 20
36 18
37 19
38 45
39 44
40 43
41 42
42 46
43 47
44 48
45 49
46 40
47 39
48 51
49 86
50 81
51 79
52 80
53 77
54 78
55 76
56 84
57 85
58 82
59 83
60 74
61 75
62 41
63 50
64 72
65 73
66 70
67 71
68 69
69 67
70 68
71 65
72 66
73 60
74 58
75 59
76 56
77 57
78 1
79 55
80 64
81 63
82 61
83 62
84 96
85 97
86 94
87 95
88 92
89 93
90 98
91 99
92 100
