# CatS_185~CatS_180
1 35
2 31
3 30
4 29
5 28
6 33
7 32
8 27
9 26
10 25
11 23
12 24
13 19
14 20
15 21
16 22
17 36
18 37
19 38
20 39
21 17
22 16
23 15
24 14
25 18
26 13
27 12
28 11
29 8
30 7
31 6
32 5
33 10
34 9
35 2
36 1
37 3
38 4
39 48
40 43
41 42
42 41
43 40
44 44
45 45
46 46
47 47
48 49
52 34
53 83
54 84
55 81
56 82
57 80
58 87
59 88
60 86
61 85
62 78
63 79
64 76
65 77
66 75
67 73
68 74
69 71
70 72
71 69
72 70
73 64
74 62
75 63
76 60
77 61
78 59
79 67
80 68
81 65
82 66
83 50
84 52
85 51
86 53
87 54
88 55
89 56
90 57
91 58
92 98
93 93
94 94
95 91
96 92
97 89
98 90
99 95
100 96
101 97
