# CatS_174~CatS_155
1 47
2 44
3 45
4 46
5 41
6 42
7 43
8 15
9 16
10 17
11 18
12 14
13 13
14 12
15 11
16 8
17 7
18 6
19 5
20 10
21 9
22 4
23 53
24 2
25 48
26 19
27 20
28 21
29 22
30 23
31 24
32 25
33 26
34 27
35 28
36 29
37 30
38 31
39 32
40 33
41 78
42 79
43 36
44 37
45 38
46 39
47 40
48 49
49 89
50 90
51 88
52 84
53 85
54 86
55 87
56 65
57 66
58 63
59 64
60 92
61 57
62 58
63 55
64 56
65 54
66 62
67 61
68 60
69 59
70 1
71 3
72 91
73 67
74 68
75 69
76 70
77 71
78 72
79 73
80 93
81 74
82 75
83 76
84 77
85 34
86 35
87 80
88 81
89 82
90 83
