# CatS_141~CatS_I001
1 23
2 24
3 25
4 26
5 27
6 22
7 9
8 8
9 7
10 11
11 10
12 12
13 13
14 14
15 15
16 16
17 17
18 18
19 19
20 20
21 21
22 6
23 5
24 4
25 42
26 2
27 3
28 1
32 28
33 29
34 30
35 31
36 32
37 33
38 34
39 35
40 36
41 37
42 38
43 39
44 40
45 41
46 44
47 65
48 66
49 67
50 50
51 49
52 51
53 52
54 53
55 55
56 54
57 57
58 56
59 59
60 58
61 61
62 60
63 62
64 63
65 64
66 48
67 47
68 46
69 45
70 82
71 83
72 84
79 68
80 69
81 70
82 71
83 72
84 73
85 74
86 75
87 76
88 77
89 78
90 79
91 80
92 81
