# CatS_4~CatS_252
1 43
2 40
3 41
4 42
5 38
6 37
7 36
8 23
9 22
10 21
11 25
12 24
13 26
14 27
15 28
16 29
17 30
18 31
19 32
20 33
21 34
22 74
28 13
29 14
30 15
31 16
32 11
33 12
34 10
35 9
36 8
37 5
38 4
39 3
40 2
41 7
42 6
43 1
44 46
45 47
46 48
47 17
48 18
49 19
50 20
51 39
52 87
53 88
54 89
55 83
56 84
57 81
58 82
59 65
60 66
61 35
62 45
63 67
64 68
65 69
66 70
67 71
68 72
69 73
70 75
71 76
72 77
73 78
74 79
81 63
82 64
83 62
84 60
85 61
86 58
87 59
88 53
89 51
90 52
91 49
92 50
93 44
94 56
95 57
96 54
97 55
98 85
99 86
