# CatS_I001~CatS_132
1 6
2 7
3 8
4 9
5 10
6 11
7 12
8 13
9 14
10 15
11 16
12 17
13 18
14 19
15 20
16 21
17 22
18 23
19 24
20 25
21 26
22 27
23 28
24 29
25 30
26 31
27 32
28 33
29 34
30 35
31 36
32 37
33 38
34 39
35 40
36 41
37 42
38 43
39 44
40 45
41 46
42 47
43 3
44 48
45 54
46 53
47 55
48 56
49 58
50 57
51 59
52 60
53 61
54 62
55 63
56 64
57 65
58 67
59 66
60 68
61 69
62 70
63 71
64 72
65 73
66 74
67 75
68 76
69 77
70 78
71 79
72 80
73 81
74 82
75 83
76 84
77 85
78 86
79 87
80 88
81 89
82 90
83 91
84 52
