# CatS_186~CatS_172
1 31
2 28
3 27
4 26
5 25
6 30
7 29
8 24
9 23
10 22
11 20
12 21
13 16
14 17
15 18
16 19
17 33
18 34
19 35
20 36
21 14
22 13
23 12
24 11
25 15
26 10
27 9
28 8
29 5
30 4
31 3
32 2
33 7
34 6
35 1
36 46
37 45
38 40
39 39
40 38
41 37
42 41
43 42
44 43
45 44
46 47
50 32
51 74
52 75
53 72
54 73
55 71
56 78
57 79
58 76
59 77
60 69
61 70
62 67
63 68
64 66
65 64
66 65
67 62
68 63
69 60
70 61
71 55
72 53
73 54
74 51
75 52
76 58
77 59
78 56
79 57
80 50
81 48
82 49
83 90
84 89
85 85
86 84
87 83
88 82
89 80
90 81
91 86
92 87
93 88
