# CatS_139~CatS_181
1 1
2 2
3 3
4 4
5 5
6 6
7 7
8 8
9 9
10 10
11 11
12 12
13 13
14 14
15 15
16 16
17 17
18 18
19 19
20 20
21 21
22 22
23 28
24 29
25 30
26 31
27 32
28 33
29 34
30 35
31 36
32 37
33 38
34 39
35 40
36 41
37 42
38 43
39 44
40 46
41 47
42 48
43 49
44 50
45 51
46 52
47 53
48 54
49 55
50 56
51 57
52 58
53 59
54 60
55 61
56 62
57 63
58 65
59 64
60 67
61 66
62 68
63 70
64 69
65 71
66 72
67 84
68 85
69 86
70 87
71 88
72 89
73 90
74 91
75 92
76 93
77 94
78 95
79 96
80 45
81 97
82 98
83 99
84 100
85 101
86 102
