# CatS_177~CatS_174
1 22
2 19
3 18
4 17
5 16
6 21
7 20
8 15
9 14
10 13
11 12
12 8
13 9
14 10
15 11
16 26
17 27
18 28
19 29
20 30
21 31
22 32
23 33
24 34
25 35
26 36
27 37
28 38
29 39
30 40
31 41
32 42
33 43
34 44
35 45
36 46
37 47
38 5
39 6
40 7
41 2
42 3
43 4
44 1
45 25
46 65
47 48
48 24
50 23
51 63
52 64
53 61
54 62
55 60
56 69
57 68
58 66
59 67
60 58
61 59
62 56
63 57
64 73
65 74
66 75
67 76
68 77
69 78
70 79
71 80
72 81
73 82
74 83
75 84
76 85
77 86
78 87
79 88
80 89
81 90
82 52
83 53
84 54
85 55
86 51
87 49
88 50
89 72
