# CatS_252~CatS_I001
1 37
2 34
3 33
4 32
5 31
6 36
7 35
8 30
9 29
10 28
11 26
12 27
13 22
14 23
15 24
16 25
17 38
18 39
19 40
20 41
21 9
22 8
23 7
24 11
25 10
26 12
27 13
28 14
29 15
30 16
31 17
32 18
33 19
34 20
35 21
36 6
37 5
38 4
39 42
40 2
41 3
43 1
44 77
45 44
49 75
50 76
51 73
52 74
53 72
54 80
55 81
56 78
57 79
58 70
59 71
60 68
61 69
62 67
63 65
64 66
65 49
66 50
67 51
68 52
69 53
70 55
71 54
72 57
73 56
74 58
75 59
76 60
77 61
78 62
79 63
80 64
81 48
82 47
83 46
84 45
85 82
86 83
87 85
88 43
89 84
