# CatS_180~CatS_167
2 62
5 19
6 18
7 17
8 16
9 21
10 20
11 15
12 14
13 13
14 12
15 8
16 9
17 10
18 11
19 23
20 24
21 25
22 26
23 27
24 28
25 29
26 30
27 31
28 32
29 33
30 34
31 35
32 36
33 37
34 38
35 39
36 40
37 41
38 42
39 43
40 44
41 5
42 6
43 7
44 2
45 3
46 4
47 1
48 22
49 45
59 63
60 60
61 61
62 58
63 59
64 57
65 66
66 67
67 64
68 65
69 55
70 56
71 53
72 54
73 69
74 70
75 71
76 72
77 73
78 74
79 75
80 76
81 77
82 78
83 79
84 80
85 81
86 82
87 83
88 84
89 85
90 86
91 50
92 49
93 51
94 52
95 46
96 47
97 48
98 68
