# CatS_178~CatS_29
1 47
2 44
3 45
4 46
5 41
6 42
7 43
8 17
9 18
10 19
11 20
12 16
13 15
14 14
15 13
16 10
17 9
18 8
19 7
20 12
21 11
22 6
23 4
24 5
25 3
26 2
27 66
28 21
29 22
30 23
31 24
32 25
33 26
34 27
35 28
36 29
37 30
38 31
39 32
40 33
41 34
42 35
43 83
44 82
45 36
46 37
47 38
48 39
49 40
50 67
51 94
52 95
53 96
54 90
55 91
56 92
57 93
58 68
59 69
60 64
61 65
62 59
63 57
64 58
65 55
66 56
67 54
68 62
69 63
70 60
71 61
72 53
75 1
77 70
78 71
79 72
80 73
81 74
82 75
83 76
84 77
85 78
86 79
87 80
88 81
89 85
90 84
91 86
92 87
93 88
94 89
