# CatS_167~CatS_177
1 44
2 41
3 42
4 43
5 38
6 39
7 40
8 12
9 13
10 14
11 15
12 11
13 10
14 9
15 8
16 5
17 4
18 3
19 2
20 7
21 6
22 45
23 16
24 17
25 18
26 19
27 20
28 21
29 22
30 23
31 24
32 25
33 26
34 27
35 28
36 29
37 30
38 31
39 32
40 33
41 34
42 35
43 36
44 37
45 47
46 86
47 87
48 88
49 82
50 83
51 84
52 85
53 62
54 63
55 60
56 61
57 55
58 54
59 53
60 52
61 51
62 1
63 46
64 59
65 58
66 56
67 57
68 89
69 64
70 65
71 66
72 67
73 68
74 69
75 70
76 71
77 72
78 73
79 74
80 75
81 76
82 77
83 78
84 79
85 80
86 81
