# CatS_191~CatS_29
1 82
2 33
3 32
4 31
5 30
6 35
7 34
8 29
9 28
10 27
11 25
12 26
13 21
14 22
15 23
16 24
17 36
18 39
19 38
20 37
21 19
22 18
23 17
24 16
25 20
26 15
27 14
28 13
29 10
30 9
31 8
32 7
33 12
34 11
35 6
36 4
37 5
38 3
39 2
41 66
42 43
43 42
44 41
45 40
46 44
47 45
48 46
49 47
50 67
55 83
56 81
57 80
58 79
59 78
60 77
61 86
62 87
63 84
64 85
65 75
66 76
67 73
68 74
69 72
70 70
71 71
72 68
73 69
74 64
75 65
76 59
77 57
78 58
79 55
80 56
81 54
82 62
83 63
84 60
85 61
86 53
87 1
88 51
89 52
92 92
93 93
94 90
95 91
96 88
97 89
98 94
99 95
100 96
