# CatS_180~CatS_185
1 36
2 35
3 37
4 38
5 32
6 31
7 30
8 29
9 34
10 33
11 28
12 27
13 26
14 24
15 23
16 22
17 21
18 25
19 13
20 14
21 15
22 16
23 11
24 12
25 10
26 9
27 8
28 5
29 4
30 3
31 2
32 7
33 6
34 52
35 1
36 17
37 18
38 19
39 20
40 43
41 42
42 41
43 40
44 44
45 45
46 46
47 47
48 39
49 48
50 83
51 85
52 84
53 86
54 87
55 88
56 89
57 90
58 91
59 78
60 76
61 77
62 74
63 75
64 73
65 81
66 82
67 79
68 80
69 71
70 72
71 69
72 70
73 67
74 68
75 66
76 64
77 65
78 62
79 63
80 57
81 55
82 56
83 53
84 54
85 61
86 60
87 58
88 59
89 97
90 98
91 95
92 96
93 93
94 94
95 99
96 100
97 101
98 92
