# CatS_181~CatS_139
1 1
2 2
3 3
4 4
5 5
6 6
7 7
8 8
9 9
10 10
11 11
12 12
13 13
14 14
15 15
16 16
17 17
18 18
19 19
20 20
21 21
22 22
28 23
29 24
30 25
31 26
32 27
33 28
34 29
35 30
36 31
37 32
38 33
39 34
40 35
41 36
42 37
43 38
44 39
45 80
46 40
47 41
48 42
49 43
50 44
51 45
52 46
53 47
54 48
55 49
56 50
57 51
58 52
59 53
60 54
61 55
62 56
63 57
64 59
65 58
66 61
67 60
68 62
69 64
70 63
71 65
72 66
84 67
85 68
86 69
87 70
88 71
89 72
90 73
91 74
92 75
93 76
94 77
95 78
96 79
97 81
98 82
99 83
100 84
101 85
102 86
