# CatS_4~CatS_I001
1 1
2 2
3 3
5 4
6 5
7 6
8 7
9 8
10 9
11 10
12 11
13 12
14 13
15 14
16 15
17 16
18 17
19 18
20 19
21 20
22 58
28 22
29 23
30 24
31 25
32 26
33 27
34 28
35 29
36 30
37 31
38 32
39 33
40 34
41 35
42 36
43 37
47 38
48 39
49 40
50 41
51 42
52 43
53 84
54 85
55 45
56 46
57 47
58 48
59 50
60 49
61 21
62 44
63 51
64 52
65 53
66 55
67 54
68 57
69 56
70 59
71 60
72 61
73 62
74 63
81 65
82 66
83 67
84 68
85 69
86 70
87 71
88 72
89 73
90 74
91 75
92 76
93 77
94 78
95 79
96 80
97 81
98 82
99 83
