# CatS_84~CatS_184
1 45
2 42
3 43
4 44
5 40
6 39
7 38
8 23
9 22
10 21
11 25
12 24
13 26
14 27
15 28
16 29
17 34
18 33
19 32
20 31
21 30
22 74
23 37
24 13
25 14
26 15
27 16
28 11
29 12
30 10
31 9
32 8
33 5
34 4
35 3
36 2
37 7
38 6
39 1
40 17
41 18
42 19
43 20
44 41
45 46
46 75
47 94
48 95
49 93
50 90
51 89
52 87
53 88
54 67
55 68
56 69
57 70
58 71
59 78
60 79
61 77
62 76
63 35
64 36
65 73
66 72
68 86
69 65
70 66
71 64
72 62
73 63
74 60
75 61
76 55
77 53
78 54
79 51
80 52
81 50
82 58
83 59
84 56
85 57
86 91
87 92
