# CatS_I001~CatS_252
1 43
2 40
3 41
4 38
5 37
6 36
7 23
8 22
9 21
10 25
11 24
12 26
13 27
14 28
15 29
16 30
17 31
18 32
19 33
20 34
21 35
22 13
23 14
24 15
25 16
26 11
27 12
28 10
29 9
30 8
31 5
32 4
33 3
34 2
35 7
36 6
37 1
38 17
39 18
40 19
41 20
42 39
43 88
44 45
45 84
46 83
47 82
48 81
49 65
50 66
51 67
52 68
53 69
54 71
55 70
56 73
57 72
58 74
59 75
60 76
61 77
62 78
63 79
64 80
65 63
66 64
67 62
68 60
69 61
70 58
71 59
72 53
73 51
74 52
75 49
76 50
77 44
78 56
79 57
80 54
81 55
82 85
83 86
84 89
85 87
