# CatS_131~CatS_I001
1 23
2 24
3 25
4 26
5 27
6 22
7 9
8 8
9 7
10 11
11 10
12 12
13 13
14 14
15 15
16 16
17 17
18 18
19 19
20 20
21 21
22 6
23 5
24 4
25 42
26 2
27 3
28 1
29 43
35 28
36 29
37 30
38 31
39 32
40 33
41 34
42 35
43 36
44 37
45 38
46 39
47 40
48 41
49 44
50 65
51 66
52 67
53 50
54 49
55 51
56 52
57 53
58 54
59 55
60 57
61 56
62 58
63 59
64 61
65 60
66 62
67 63
68 64
69 48
70 47
71 46
72 45
73 82
74 83
75 84
87 68
88 69
89 70
90 71
91 72
92 73
93 74
94 75
95 76
96 77
97 78
98 79
99 80
100 81
