# CatS_30~CatS_155
1 1
2 2
3 3
4 4
5 5
6 6
7 7
8 8
9 9
10 10
11 11
12 12
13 13
14 14
15 15
16 16
17 17
18 18
19 19
20 20
21 21
22 22
23 23
24 24
25 25
26 26
27 27
28 28
29 29
30 30
31 31
32 32
33 33
34 36
35 39
36 37
37 38
38 40
39 41
40 42
41 43
42 44
43 45
44 46
45 47
46 50
47 52
48 51
49 53
50 54
51 55
52 56
53 57
54 58
55 92
56 59
57 60
58 61
59 62
60 63
61 64
62 48
63 49
64 65
65 66
66 67
67 68
68 69
69 70
70 71
71 72
72 73
73 93
74 74
75 75
76 76
77 77
78 78
79 79
80 35
81 34
82 80
83 81
84 82
85 83
86 84
87 85
88 86
89 87
90 88
91 89
92 90
