# CatS_76~CatS_185
1 35
2 32
3 31
4 30
5 29
6 34
7 33
8 28
9 27
10 26
11 24
12 23
13 22
14 21
15 25
16 13
17 14
18 15
19 16
20 11
21 12
22 10
23 9
24 8
25 5
26 4
27 3
28 2
29 7
30 6
31 52
32 17
33 18
34 19
35 20
36 43
37 42
38 41
39 40
40 44
41 45
42 46
43 47
44 39
45 78
46 48
47 36
48 38
49 37
50 77
51 76
52 74
53 75
54 73
55 81
56 82
57 79
58 80
59 71
60 72
61 69
62 70
63 67
64 68
65 66
66 64
67 65
68 62
69 63
70 57
71 55
72 56
73 53
74 54
75 1
76 60
77 61
78 58
79 59
80 97
81 98
82 96
83 95
84 93
85 94
86 101
87 99
88 100
89 92
