# CatS_79~CatS_167
1 63
2 19
3 18
4 17
5 16
6 21
7 20
8 15
9 14
10 13
11 12
12 8
13 9
14 10
15 11
16 23
17 24
18 25
19 26
20 27
21 28
22 29
23 30
24 31
25 32
26 33
27 34
28 35
29 36
30 37
31 38
32 40
33 41
34 42
35 43
36 44
37 5
38 6
39 7
40 2
41 3
42 4
43 1
44 22
45 45
49 62
50 60
51 61
52 58
53 59
54 57
55 66
56 67
57 65
58 64
59 55
60 56
61 53
62 54
63 69
64 70
65 71
66 72
67 73
68 74
69 75
70 76
71 77
72 78
73 79
74 80
75 39
76 81
77 82
78 83
79 84
80 85
81 86
82 50
83 49
84 51
85 52
86 46
87 47
88 48
89 68
