# CatS_167~CatS_180
1 47
2 44
3 45
4 46
5 41
6 42
7 43
8 15
9 16
10 17
11 18
12 14
13 13
14 12
15 11
16 8
17 7
18 6
19 5
20 10
21 9
22 48
23 19
24 20
25 21
26 22
27 23
28 24
29 25
30 26
31 27
32 28
33 29
34 30
35 31
36 32
37 33
38 34
39 35
40 36
41 37
42 38
43 39
44 40
45 49
46 95
47 96
48 97
49 92
50 91
51 93
52 94
53 71
54 72
55 69
56 70
57 64
58 62
59 63
60 60
61 61
62 2
63 59
64 67
65 68
66 65
67 66
68 98
69 73
70 74
71 75
72 76
73 77
74 78
75 79
76 80
77 81
78 82
79 83
80 84
81 85
82 86
83 87
84 88
85 89
86 90
